x0 x1
-2.6980450  3.86166634
-0.3677611  1.75871951
 3.4048138  0.06949408
 2.7522091  1.00566344
 0.8919011  1.18272825
-2.8833296 -2.82516762
-2.3709129  2.12642782
 3.2690108 -1.98056116
 1.2231843  1.31837991
-3.4765761 -2.10611290
-1.4077955  1.87524431
 2.2691554  1.93874425
-3.9436219 -3.03359901
-1.4384302 -3.57244651
-1.9781237 -4.07611648
-2.2470147  3.68808291
-3.9544531  1.70248512
-3.0861822  1.56110857
-0.4593146 -2.77213257
-1.8945787  2.78783899
-3.4158603 -3.89073585
-0.8511758  1.35214061
-3.4436141  3.86225107
 2.3138515 -0.90916407
-0.8290856 -3.32545260
-2.6413211  1.60648242
 4.2680300 -0.48195489
 2.8186657 -1.17766094
-2.2690032  2.18195786
-3.9131486  0.50581877
 3.3288176  0.20699338
-2.5814978  4.38719876
-1.7555262 -1.84194329
-3.1131598  2.74641756
-4.1447031  2.88267984
 2.6785962 -0.60524757
 4.1053292  1.92165416
 1.2569718  1.28685980
-3.9261987 -4.25693844
-2.5661364  1.87712521
-2.0028931 -1.97226543
-3.3676541 -2.82189941
-4.7314583  3.24365358
-3.5547431  4.13611643
 2.0489216 -0.88915916
 3.4158393 -0.56954420
-3.3060611  0.53831954
 2.7932892  0.32252449
-3.1092617  2.57076576
 2.0313282 -0.70661017
-3.4574658 -3.78165031
-3.1645502 -1.46204288
-3.2523315  1.58285727
 5.6804032  0.12398951
-2.2624711  4.19892326
-1.0251536  4.83425452
-1.7603812  1.88492829
-2.7341354 -1.54281317
-3.5321870 -5.67895307
-2.7681556  1.51679875
-2.3835048 -4.56996121
 1.6982485 -0.45210796
-2.3430231 -1.96428850
-2.6502938 -2.50819286
-1.9492262 -3.44372274
-1.2033986 -2.99799024
-3.2566764 -3.86087900
 3.0124375  1.08424207
-2.4861787 -3.42809767
-2.7789841 -2.02036317
-2.4933029 -2.45584884
 2.0586287 -0.26629518
-3.0050779  1.65178702
-1.2978921 -3.75317535
-4.2281618 -3.13798932
-0.4991865  2.49415528
-3.5214937  2.83897581
-3.2534110  1.92870882
-2.0426318  2.35609930
 3.3310649  0.04656395
-1.8327008 -4.02830149
-2.7937993 -2.28826321
 1.2114475  1.34778367
-1.0781348  3.14478117
-2.1787996  3.19274849
 2.9419283  0.28815250
 3.3919321  0.56547611
-3.5237900 -1.67621773
-1.8503732 -0.85375308
-2.5534270  3.60965752
-2.8695765 -2.05193705
-3.6950982  3.91962688
-2.9135633  2.14441417
 2.5549633  0.86262214
  1.4305704 -0.26747834
 -3.5849035  1.82534716
 -3.5719155 -2.90032350
  3.2119698 -0.33036579
 -3.5412990 -2.57752890
  4.2729625  0.81018423
 -1.7627038  2.59965797
 -3.7757533  2.83201433
 -4.2791679 -4.40943642
  0.5177239 -0.26280227
 -3.4640964  1.99928858
  2.0735205  1.39409988
 -2.1637521  4.27185359
 -3.3466047 -2.25420378
 -4.1973501 -3.83027993
  2.9676835 -1.26439453
 -0.7979813 -2.09447213
 -4.6403091  3.78925308
 -1.3182196  2.14271501
 -2.3876410  2.39813480
 -2.3224258 -1.51594913
 -1.5059178  3.50828294
  3.8569002  0.83022792
  3.6555184 -0.38079553
 -1.1676734 -2.12549741
 -2.2430043 -3.31591511
 -1.4396440 -0.99015087
 -3.0709809 -1.84640670
 -2.1283611 -1.26297112
 -1.2141929 -3.07122353
 -4.5113935 -4.39469734
 -3.0762306  3.90136643
  3.1248273  1.29038737
  3.0866869  0.21438923
  3.8479403  0.15381228
 -2.1251904 -2.73600136
 -1.1265815 -3.67654856
  2.2440634  1.37416719
  3.4239737  0.68569896
 -3.6267822 -3.38511339
 -2.2492470 -3.63905971
  3.1453000  0.03276693
 -2.4230326  2.06984929
  1.7367940 -0.37269540
  2.5749460  0.24623289
 -2.4996394  3.31889251
  1.8614488 -1.36737770
 -1.9326575  2.68814615
 -3.1137285 -3.00820022
 -1.2949589  2.13362992
 -0.8715530 -2.97112786
  3.3190436  0.43131316
 -4.0802962 -1.76652553
 -0.8691911 -0.58264516
  3.1770314 -1.20536647
 -2.5058426 -1.95461840
 -3.3343307 -3.76991398
 -3.3532419 -4.80282405
 -2.1096470 -3.40135033
  2.5308926 -1.00236151
 -2.4821802 -4.93766635
 -0.9326938  2.19047570
  2.4233872  0.06559119
 -1.8399280  2.28500572
 -3.0017075  2.40924730
 -4.1777749  1.63926997
 -2.5497105  4.37978090
  3.0052474 -0.73734849
 -3.0890399  2.38312622
 -1.6173824 -4.46155318
 -1.6031562 -4.17328586
 -3.2648286 -2.93087303
  3.3014733 -0.60540427
 -2.6523875  3.11351972
  2.3707492 -0.51752485
 -3.5888291  4.82344549
  0.9533146  0.04163478
 -1.7023687 -4.81495394
 -1.7538494 -5.07187033
  3.6518071  2.13361647
  3.5629970 -1.32126435
 -3.2440956 -3.99123095
 -1.4579797  4.98977725
  2.7082986 -0.59645262
  2.2009621 -0.32544781
 -2.4704837  1.89811034
 -3.0378580 -4.03951522
  1.1435083  0.90756252
 -2.9279016  3.01443861
 -2.4158594  3.92696121
 -1.5010047  2.76514659
 -2.3116872  6.73177923
 -1.8862680  2.30633663
 -2.1857533 -2.74051780
  2.9303411 -0.004773923
  3.2746493 -0.276011176
  2.7880142 -0.020609508
  0.4501549 -0.532938542
 -1.4929571 -2.295240311
  1.5493618  0.252120119
  2.1480330  3.111821129
 -2.1245442 -3.852498176
 -0.8225903  0.915391379
 -2.0939974 -2.287067768
  2.6084722 -0.429350774
 -4.0001623  3.776360501
  2.2185490  2.211609712
  3.6791793  1.124607256
 -2.3538738 -0.732015400
 -2.9044630  1.713025998
  2.2487589  1.556841022
 -0.2044169  2.344694111
 -4.8558884  2.094522644
 -1.1243852 -3.923257406
 -2.9730310  2.797977996
  1.1066924  0.046447594
 -3.0888466 -1.877014937
 -3.8122240  2.465329601
  1.4413756  2.689610464
  2.4479610 -0.555486338
 -2.8962097 -3.241599472
 -3.6211591  2.619863638
 -2.4248878  2.349018262
 -1.9428224  3.102330763
  4.1281425  0.802072568
  2.3927354  1.289518118
  3.2124415 -0.411799286
  3.0296001 -1.775080134
 -2.1883429 -1.617590389
  2.7671788 -1.841913190
  1.9283144  0.232933638
